calibration_crystal:
  grain_id: 0
  inv_stretch: [1.0, 1.0, 1.0, 0.0, 0.0, 0.0]
  orientation: [0.6690346914271271, -0.9869288733543594, 0.7369599629623789]
  position: [0.0004548754772660814, -4.149496451448677e-06, 0.0032386599395495467]
detector:
  distortion:
    function_name: GE_41RT
    parameters: [-1.17664823e-05, -7.52004138e-05, -0.000495704535, 2.0, 4.0, 2.0]
  id: GE
  pixels:
    columns: 2048
    rows: 2048
    size: [0.2, 0.2]
  saturation_level: 14000
  transform:
    t_vec_d: [-1.446574406787204, -3.2335905554228175, -1050.6773464083435]
    tilt_angles: [0.0006399776154511326, -0.0031010546756005974, -0.0022520647676930825]
oscillation_stage:
  chi: -0.0008964328296020562
  t_vec_s: [0.0, 0.0, 0.0]

